Inisiasi Populasi
{'kromosom': [97, 52, 116, 94, 32, 83, 103, 216], 'fitness': 0.6666666666666666}
{'kromosom': [175, 162, 78, 157, 171, 30, 153, 234], 'fitness': 0.6666666666666666}
{'kromosom': [33, 64, 34, 191, 214, 22, 124, 3], 'fitness': 0.6493506493506493}
{'kromosom': [242, 175, 17, 234, 68, 225, 122, 173], 'fitness': 0.6753246753246753}
{'kromosom': [141, 172, 109, 123, 74, 225, 144, 182], 'fitness': 0.7056277056277056}

generasi ke 0
{'kromosom': [242, 175, 17, 234, 68, 225, 122, 173], 'fitness': 0.6753246753246753}
{'kromosom': [141, 172, 109, 123, 74, 225, 144, 182], 'fitness': 0.7056277056277056}
{'kromosom': [175, 162, 78, 157, 171, 30, 153, 234], 'fitness': 0.6666666666666666}

generasi ke 0
{'kromosom': [239, 162, 14, 253, 75, 254, 121, 170], 'fitness': 0.683982683982684}
{'kromosom': [178, 175, 81, 138, 164, 1, 154, 237], 'fitness': 0.6493506493506493}
{'kromosom': [242, 175, 17, 234, 68, 225, 122, 173], 'fitness': 0.6753246753246753}
{'kromosom': [141, 172, 109, 123, 74, 225, 144, 182], 'fitness': 0.7056277056277056}
{'kromosom': [175, 162, 78, 157, 171, 30, 153, 234], 'fitness': 0.6666666666666666}

generasi ke 0
{'kromosom': [239, 162, 14, 253, 75, 254, 121, 170], 'fitness': 0.683982683982684}
{'kromosom': [178, 175, 81, 138, 164, 1, 154, 237], 'fitness': 0.6493506493506493}
{'kromosom': [242, 175, 17, 234, 68, 225, 122, 173], 'fitness': 0.6753246753246753}
{'kromosom': [154, 172, 109, 123, 74, 225, 144, 182], 'fitness': 0.683982683982684}
{'kromosom': [175, 162, 78, 157, 171, 30, 153, 234], 'fitness': 0.6666666666666666}

generasi ke 1
{'kromosom': [242, 175, 17, 234, 68, 225, 122, 173], 'fitness': 0.6753246753246753}
{'kromosom': [154, 172, 109, 123, 74, 225, 144, 182], 'fitness': 0.683982683982684}
{'kromosom': [239, 162, 14, 253, 75, 254, 121, 170], 'fitness': 0.683982683982684}

generasi ke 1
{'kromosom': [250, 172, 13, 251, 74, 225, 112, 182], 'fitness': 0.6536796536796536}
{'kromosom': [146, 175, 113, 106, 68, 225, 154, 173], 'fitness': 0.670995670995671}
{'kromosom': [242, 175, 17, 234, 68, 225, 122, 173], 'fitness': 0.6753246753246753}
{'kromosom': [154, 172, 109, 123, 74, 225, 144, 182], 'fitness': 0.683982683982684}
{'kromosom': [239, 162, 14, 253, 75, 254, 121, 170], 'fitness': 0.683982683982684}

generasi ke 1
{'kromosom': [250, 172, 13, 251, 74, 225, 112, 182], 'fitness': 0.6536796536796536}
{'kromosom': [146, 175, 113, 175, 68, 225, 154, 173], 'fitness': 0.7056277056277056}
{'kromosom': [242, 175, 17, 234, 68, 225, 122, 173], 'fitness': 0.6753246753246753}
{'kromosom': [154, 172, 109, 123, 74, 225, 144, 182], 'fitness': 0.683982683982684}
{'kromosom': [239, 162, 14, 253, 75, 254, 121, 170], 'fitness': 0.683982683982684}

generasi ke 2
{'kromosom': [242, 175, 17, 234, 68, 225, 122, 173], 'fitness': 0.6753246753246753}
{'kromosom': [154, 172, 109, 123, 74, 225, 144, 182], 'fitness': 0.683982683982684}
{'kromosom': [146, 175, 113, 175, 68, 225, 154, 173], 'fitness': 0.7056277056277056}

generasi ke 2
{'kromosom': [242, 175, 17, 239, 68, 225, 122, 173], 'fitness': 0.6926406926406926}
{'kromosom': [146, 175, 113, 170, 68, 225, 154, 173], 'fitness': 0.6883116883116883}
{'kromosom': [242, 175, 17, 234, 68, 225, 122, 173], 'fitness': 0.6753246753246753}
{'kromosom': [154, 172, 109, 123, 74, 225, 144, 182], 'fitness': 0.683982683982684}
{'kromosom': [146, 175, 113, 175, 68, 225, 154, 173], 'fitness': 0.7056277056277056}

generasi ke 2
{'kromosom': [242, 175, 17, 239, 68, 225, 122, 64], 'fitness': 0.6493506493506493}
{'kromosom': [146, 175, 113, 170, 68, 225, 154, 173], 'fitness': 0.6883116883116883}
{'kromosom': [242, 175, 17, 234, 68, 225, 122, 173], 'fitness': 0.6753246753246753}
{'kromosom': [154, 172, 109, 123, 74, 225, 144, 182], 'fitness': 0.683982683982684}
{'kromosom': [146, 175, 113, 175, 68, 225, 154, 173], 'fitness': 0.7056277056277056}

generasi ke 3
{'kromosom': [154, 172, 109, 123, 74, 225, 144, 182], 'fitness': 0.683982683982684}
{'kromosom': [146, 175, 113, 175, 68, 225, 154, 173], 'fitness': 0.7056277056277056}
{'kromosom': [146, 175, 113, 170, 68, 225, 154, 173], 'fitness': 0.6883116883116883}

generasi ke 3
{'kromosom': [146, 175, 113, 170, 68, 225, 154, 173], 'fitness': 0.6666666666666666}
{'kromosom': [146, 175, 113, 175, 68, 225, 154, 173], 'fitness': 0.6796536796536796}
{'kromosom': [154, 172, 109, 123, 74, 225, 144, 182], 'fitness': 0.683982683982684}
{'kromosom': [146, 175, 113, 175, 68, 225, 154, 173], 'fitness': 0.7056277056277056}
{'kromosom': [146, 175, 113, 170, 68, 225, 154, 173], 'fitness': 0.6883116883116883}

generasi ke 3
{'kromosom': [146, 175, 113, 170, 68, 225, 154, 173], 'fitness': 0.6666666666666666}
{'kromosom': [146, 160, 113, 175, 68, 225, 154, 173], 'fitness': 0.6753246753246753}
{'kromosom': [154, 172, 109, 123, 74, 225, 144, 182], 'fitness': 0.683982683982684}
{'kromosom': [146, 175, 113, 175, 68, 225, 154, 173], 'fitness': 0.7056277056277056}
{'kromosom': [146, 175, 113, 170, 68, 225, 154, 173], 'fitness': 0.6883116883116883}

generasi ke 4
{'kromosom': [154, 172, 109, 123, 74, 225, 144, 182], 'fitness': 0.683982683982684}
{'kromosom': [146, 175, 113, 170, 68, 225, 154, 173], 'fitness': 0.6666666666666666}
{'kromosom': [146, 175, 113, 175, 68, 225, 154, 173], 'fitness': 0.7056277056277056}

generasi ke 4
{'kromosom': [146, 175, 113, 111, 68, 225, 154, 173], 'fitness': 0.6796536796536796}
{'kromosom': [154, 172, 109, 187, 74, 225, 144, 182], 'fitness': 0.7186147186147186}
{'kromosom': [154, 172, 109, 123, 74, 225, 144, 182], 'fitness': 0.683982683982684}
{'kromosom': [146, 175, 113, 170, 68, 225, 154, 173], 'fitness': 0.6666666666666666}
{'kromosom': [146, 175, 113, 175, 68, 225, 154, 173], 'fitness': 0.7056277056277056}

generasi ke 4
{'kromosom': [146, 175, 113, 111, 68, 225, 154, 173], 'fitness': 0.6796536796536796}
{'kromosom': [154, 172, 109, 187, 74, 225, 144, 182], 'fitness': 0.7186147186147186}
{'kromosom': [154, 172, 109, 123, 74, 225, 144, 182], 'fitness': 0.683982683982684}
{'kromosom': [146, 175, 113, 170, 68, 225, 154, 211], 'fitness': 0.6926406926406926}
{'kromosom': [146, 175, 113, 175, 68, 225, 154, 173], 'fitness': 0.7056277056277056}
